gasf,True,0,2.1008403361344574,0.8368200836820106,1.2552301255230103,0.42016806722688926,0.4166666666666652,1.0059450558466065,455.5011715888977
gasf,True,1,1.6806722689075682,0.8368200836820106,0.4184100418409997,0.0,0.4166666666666652,0.6705138122194487,526.5360260009766
gasf,True,2,2.1008403361344574,1.673640167364021,0.8368200836820106,0.0,1.6666666666666718,1.2555934507694322,510.38352942466736
gasf,True,3,2.1008403361344574,0.4184100418409997,0.8368200836820106,0.0,1.2499999999999956,0.9212140923314927,475.53260254859924
gasf,True,4,2.5210084033613467,1.2552301255230103,1.2552301255230103,1.6806722689075682,0.8333333333333304,1.5090948513296532,383.8825509548187
gasf,True,5,2.1008403361344574,1.2552301255230103,1.2552301255230103,0.42016806722688926,0.4166666666666652,1.0896270642148065,433.98804354667664
gasf,True,6,2.1008403361344574,0.4184100418409997,2.092050209205021,0.42016806722688926,0.0,1.0062937308814734,469.7382719516754
gasf,True,7,2.1008403361344574,0.8368200836820106,1.2552301255230103,0.42016806722688926,0.0,0.9226117225132736,500.4390163421631
gasf,True,8,1.6806722689075682,1.2552301255230103,1.2552301255230103,0.42016806722688926,1.2499999999999956,1.1722601174360947,506.77485966682434
gasf,True,9,2.1008403361344574,0.8368200836820106,0.8368200836820106,0.0,0.4166666666666652,0.8382294340330286,482.95069885253906
gasf,True,10,1.6806722689075682,0.8368200836820106,1.2552301255230103,0.42016806722688926,0.8333333333333304,1.0052447757345617,526.9065918922424
gasf,True,11,1.6806722689075682,1.2552301255230103,2.5104602510460206,0.0,0.4166666666666652,1.1726058624286528,483.97522735595703
gasf,True,12,1.6806722689075682,1.2552301255230103,0.4184100418409997,0.0,0.8333333333333304,0.8375291539209817,519.6730997562408
gasf,True,13,1.6806722689075682,1.2552301255230103,1.2552301255230103,0.42016806722688926,0.8333333333333304,1.0889267841027617,490.0507860183716
gasf,True,14,1.6806722689075682,1.2552301255230103,0.8368200836820106,0.42016806722688926,0.0,0.8385781090678958,502.0616602897644
gasf,True,15,1.6806722689075682,0.8368200836820106,1.2552301255230103,0.0,0.8333333333333304,0.921211162289184,388.0488464832306
gasf,True,16,2.1008403361344574,1.673640167364021,1.2552301255230103,0.0,1.6666666666666718,1.3392754591376321,474.1304006576538
gasf,True,17,1.6806722689075682,1.673640167364021,1.2552301255230103,0.8403361344537785,2.083333333333337,1.506642405916343,410.37244391441345
gasf,True,18,2.1008403361344574,0.8368200836820106,0.8368200836820106,0.0,1.6666666666666718,1.08822943403303,510.79801416397095
gasf,True,19,2.1008403361344574,1.2552301255230103,0.4184100418409997,1.2605042016806678,0.0,1.006996941035827,418.3280243873596
gadf,True,0,2.5210084033613467,1.2552301255230103,2.092050209205021,0.8403361344537785,0.0,1.3417249745086313,501.79434084892273
gadf,True,1,2.1008403361344574,0.8368200836820106,2.5104602510460206,1.2605042016806678,2.083333333333337,1.7583916411752987,560.1675097942352
gadf,True,2,2.1008403361344574,1.2552301255230103,2.092050209205021,0.42016806722688926,2.500000000000002,1.673657747617876,416.67836594581604
gadf,True,3,1.6806722689075682,0.8368200836820106,2.5104602510460206,1.6806722689075682,1.6666666666666718,1.6750583078419676,524.905279636383
gadf,True,4,2.1008403361344574,0.8368200836820106,1.2552301255230103,0.0,2.500000000000002,1.338578109067896,558.7315785884857
gadf,True,5,2.5210084033613467,1.673640167364021,1.673640167364021,0.8403361344537785,2.500000000000002,1.8417249745086341,481.3968315124512
gadf,True,6,1.2605042016806678,1.2552301255230103,1.673640167364021,1.2605042016806678,0.0,1.0899757392496734,559.3288741111755
gadf,True,7,2.1008403361344574,1.2552301255230103,2.5104602510460206,1.2605042016806678,1.2499999999999956,1.67540698287683,420.2239320278168
gadf,True,8,2.1008403361344574,1.2552301255230103,1.673640167364021,1.6806722689075682,1.6666666666666718,1.6754099129191455,525.4555504322052
gadf,True,9,2.1008403361344574,1.2552301255230103,2.9288702928870314,1.2605042016806678,1.6666666666666718,1.8424223245783675,579.8969068527222
gadf,True,10,2.5210084033613467,1.2552301255230103,1.673640167364021,0.42016806722688926,2.083333333333337,1.5906760193617209,516.5006966590881
gadf,True,11,1.6806722689075682,1.2552301255230103,1.2552301255230103,0.8403361344537785,1.6666666666666718,1.3396270642148078,530.9737119674683
gadf,True,12,2.1008403361344574,1.2552301255230103,2.092050209205021,0.8403361344537785,1.2499999999999956,1.5076913610632525,535.6915278434753
gadf,True,13,1.6806722689075682,1.2552301255230103,1.2552301255230103,1.2605042016806678,1.6666666666666718,1.4236606776601857,487.51292300224304
gadf,True,14,1.6806722689075682,1.2552301255230103,2.092050209205021,2.1008403361344574,0.8333333333333304,1.5924252546206774,561.8572278022766
gadf,True,15,2.5210084033613467,1.2552301255230103,1.673640167364021,1.6806722689075682,2.500000000000002,1.9261101930311895,502.470041513443
gadf,True,16,1.6806722689075682,1.2552301255230103,0.8368200836820106,1.2605042016806678,2.500000000000002,1.5066453359586518,510.2039940357208
gadf,True,17,1.6806722689075682,0.8368200836820106,2.9288702928870314,1.2605042016806678,1.6666666666666718,1.6747067027647897,511.65024638175964
gadf,True,18,2.1008403361344574,0.8368200836820106,2.5104602510460206,1.2605042016806678,0.8333333333333304,1.5083916411752973,482.70933866500854
gadf,True,19,2.1008403361344574,1.673640167364021,1.673640167364021,0.42016806722688926,1.6666666666666718,1.506991080951212,541.650279045105
mtf,True,0,1.6806722689075682,0.8368200836820106,0.4184100418409997,0.42016806722688926,0.4166666666666652,0.7545474256648266,292.0236859321594
mtf,True,1,1.6806722689075682,0.8368200836820106,0.4184100418409997,0.0,0.8333333333333304,0.7538471455527818,310.2720875740051
mtf,True,2,2.1008403361344574,0.8368200836820106,0.4184100418409997,0.0,0.8333333333333304,0.8378807589981596,303.4761326313019
mtf,True,3,1.6806722689075682,0.8368200836820106,0.4184100418409997,0.0,0.8333333333333304,0.7538471455527818,292.965696811676
mtf,True,4,1.6806722689075682,0.8368200836820106,0.4184100418409997,0.42016806722688926,0.8333333333333304,0.8378807589981596,286.36602091789246
mtf,True,5,1.6806722689075682,0.8368200836820106,0.4184100418409997,0.0,0.4166666666666652,0.6705138122194487,302.4625561237335
mtf,True,6,1.6806722689075682,0.8368200836820106,0.4184100418409997,0.0,1.2499999999999956,0.8371804788861148,295.29597878456116
mtf,True,7,1.6806722689075682,0.8368200836820106,0.8368200836820106,0.0,1.2499999999999956,0.9208624872543169,278.4891183376312
mtf,True,8,1.6806722689075682,0.4184100418409997,0.4184100418409997,0.0,0.8333333333333304,0.6701651371845796,303.3199007511139
mtf,True,9,1.6806722689075682,0.8368200836820106,0.4184100418409997,0.0,0.8333333333333304,0.7538471455527818,282.81701254844666
mtf,True,10,2.1008403361344574,0.8368200836820106,0.4184100418409997,0.0,0.8333333333333304,0.8378807589981596,281.86832094192505
mtf,True,11,1.6806722689075682,0.8368200836820106,0.4184100418409997,0.0,0.8333333333333304,0.7538471455527818,281.19590163230896
mtf,True,12,1.2605042016806678,1.2552301255230103,0.4184100418409997,0.0,0.8333333333333304,0.7534955404756016,284.7748384475708
mtf,True,13,1.6806722689075682,1.2552301255230103,0.8368200836820106,0.0,0.8333333333333304,0.921211162289184,296.2196190357208
mtf,True,14,0.8403361344537785,0.8368200836820106,0.4184100418409997,0.0,0.8333333333333304,0.5857799186620238,323.0709662437439
mtf,True,15,1.2605042016806678,0.8368200836820106,0.4184100418409997,0.0,0.8333333333333304,0.6698135321074017,289.1115927696228
mtf,True,16,2.1008403361344574,1.673640167364021,1.673640167364021,0.0,1.2499999999999956,1.339624134172499,290.7610161304474
mtf,True,17,2.1008403361344574,0.8368200836820106,0.4184100418409997,0.0,0.4166666666666652,0.7545474256648266,275.3236379623413
mtf,True,18,1.2605042016806678,0.8368200836820106,0.8368200836820106,0.0,0.8333333333333304,0.7534955404756039,284.2244255542755
mtf,True,19,1.2605042016806678,1.2552301255230103,0.4184100418409997,0.0,0.8333333333333304,0.7534955404756016,275.4691107273102
recurrence_plots,True,0,1.6806722689075682,0.0,0.0,0.0,0.4166666666666652,0.41946778711484667,474.8925406932831
recurrence_plots,True,1,1.6806722689075682,2.5104602510460206,0.4184100418409997,0.42016806722688926,0.0,1.0059421258042955,483.2404456138611
recurrence_plots,True,2,1.2605042016806678,1.2552301255230103,0.4184100418409997,0.0,0.4166666666666652,0.6701622071422686,466.95679569244385
recurrence_plots,True,3,1.6806722689075682,0.8368200836820106,0.4184100418409997,0.42016806722688926,0.0,0.6712140923314935,525.7633168697357
recurrence_plots,True,4,1.6806722689075682,0.4184100418409997,0.4184100418409997,0.0,0.8333333333333304,0.6701651371845796,468.9987094402313
recurrence_plots,True,5,1.2605042016806678,2.092050209205021,1.2552301255230103,0.0,0.4166666666666652,1.0048902406150728,491.43319177627563
recurrence_plots,True,6,1.2605042016806678,1.2552301255230103,0.4184100418409997,3.361344537815125,0.0,1.2590977813719606,461.4781799316406
recurrence_plots,True,7,1.6806722689075682,1.2552301255230103,0.4184100418409997,0.0,0.0,0.6708624872543156,478.12924242019653
recurrence_plots,True,8,2.1008403361344574,1.2552301255230103,0.4184100418409997,0.0,0.4166666666666652,0.8382294340330265,479.3312420845032
recurrence_plots,True,9,2.1008403361344574,1.2552301255230103,0.4184100418409997,0.42016806722688926,0.4166666666666652,0.9222630474784044,428.77996039390564
recurrence_plots,True,10,1.6806722689075682,1.2552301255230103,0.4184100418409997,0.0,0.0,0.6708624872543156,562.2327082157135
recurrence_plots,True,11,2.1008403361344574,1.2552301255230103,1.673640167364021,0.0,0.8333333333333304,1.1726087924709638,357.0705144405365
recurrence_plots,True,12,1.2605042016806678,1.673640167364021,1.673640167364021,0.42016806722688926,0.4166666666666652,1.088923854060453,424.1730034351349
recurrence_plots,True,13,2.1008403361344574,0.8368200836820106,2.5104602510460206,0.42016806722688926,0.0,1.1736577476178756,485.10840940475464
recurrence_plots,True,14,1.2605042016806678,1.673640167364021,1.2552301255230103,0.0,0.8333333333333304,1.004541565580206,464.75468611717224
recurrence_plots,True,15,1.6806722689075682,1.2552301255230103,1.2552301255230103,1.2605042016806678,0.4166666666666652,1.1736606776601843,454.01184034347534
recurrence_plots,True,16,1.6806722689075682,2.092050209205021,0.4184100418409997,0.0,0.8333333333333304,1.0048931706573838,488.12669110298157
recurrence_plots,True,17,1.6806722689075682,1.2552301255230103,0.8368200836820106,0.42016806722688926,0.4166666666666652,0.9219114424012288,455.5951793193817
recurrence_plots,True,18,1.6806722689075682,0.0,0.4184100418409997,0.0,0.4166666666666652,0.5031497954830466,563.4942083358765
recurrence_plots,True,19,2.1008403361344574,0.4184100418409997,0.0,0.0,0.0,0.5038500755950914,490.01394176483154
