gasf,True,0,10.504201680672265,10.878661087866103,10.460251046025103,10.504201680672265,10.833333333333329,10.636129765713813,3803.988568544388
gasf,True,1,10.504201680672265,10.878661087866103,10.460251046025103,10.504201680672265,10.833333333333329,10.636129765713813,3805.041909456253
gasf,True,2,10.504201680672265,10.878661087866103,10.460251046025103,10.504201680672265,10.833333333333329,10.636129765713813,3824.7226963043213
gasf,True,3,10.504201680672265,10.878661087866103,10.460251046025103,10.504201680672265,10.833333333333329,10.636129765713813,3811.1394181251526
gasf,True,4,10.504201680672265,10.878661087866103,10.460251046025103,10.504201680672265,10.833333333333329,10.636129765713813,3795.2179415225983
gasf,True,5,10.504201680672265,10.878661087866103,10.460251046025103,10.504201680672265,10.833333333333329,10.636129765713813,3789.109478712082
gasf,True,6,10.504201680672265,10.878661087866103,10.460251046025103,10.504201680672265,10.833333333333329,10.636129765713813,3796.454819202423
gasf,True,7,10.504201680672265,10.878661087866103,10.460251046025103,10.504201680672265,10.833333333333329,10.636129765713813,3790.161306619644
gasf,True,8,10.504201680672265,10.878661087866103,10.460251046025103,10.504201680672265,10.833333333333329,10.636129765713813,3799.5093643665314
gasf,True,9,10.504201680672265,10.878661087866103,10.460251046025103,10.504201680672265,10.833333333333329,10.636129765713813,3779.342921733856
gasf,True,10,10.504201680672265,10.878661087866103,10.460251046025103,10.504201680672265,10.833333333333329,10.636129765713813,3778.8736906051636
gasf,True,11,10.504201680672265,10.878661087866103,10.460251046025103,10.504201680672265,10.833333333333329,10.636129765713813,3793.1371874809265
gasf,True,12,10.504201680672265,10.878661087866103,10.460251046025103,10.504201680672265,10.833333333333329,10.636129765713813,3773.3687443733215
gasf,True,13,10.504201680672265,10.878661087866103,10.460251046025103,10.504201680672265,10.833333333333329,10.636129765713813,3777.1398360729218
gasf,True,14,10.504201680672265,10.878661087866103,10.460251046025103,10.504201680672265,10.833333333333329,10.636129765713813,3744.0003957748413
gasf,True,15,10.504201680672265,10.878661087866103,10.460251046025103,10.504201680672265,10.833333333333329,10.636129765713813,3748.13059258461
gasf,True,16,10.504201680672265,10.878661087866103,10.460251046025103,10.504201680672265,10.833333333333329,10.636129765713813,3773.420655965805
gasf,True,17,10.504201680672265,10.878661087866103,10.460251046025103,10.504201680672265,10.833333333333329,10.636129765713813,3768.285822868347
gasf,True,18,10.504201680672265,10.878661087866103,10.460251046025103,10.504201680672265,10.833333333333329,10.636129765713813,3719.2445333004
gasf,True,19,10.504201680672265,10.878661087866103,10.460251046025103,10.504201680672265,10.833333333333329,10.636129765713813,3767.948012113571
gadf,True,0,10.504201680672265,10.878661087866103,10.460251046025103,10.504201680672265,10.833333333333329,10.636129765713813,3790.764016151428
gadf,True,1,10.504201680672265,10.878661087866103,10.460251046025103,10.504201680672265,10.833333333333329,10.636129765713813,3774.706774711609
gadf,True,2,10.504201680672265,10.878661087866103,10.460251046025103,10.504201680672265,10.833333333333329,10.636129765713813,3744.4975945949554
gadf,True,3,10.504201680672265,10.878661087866103,10.460251046025103,10.504201680672265,10.833333333333329,10.636129765713813,3758.302357196808
gadf,True,4,10.504201680672265,10.878661087866103,10.460251046025103,10.504201680672265,10.833333333333329,10.636129765713813,3716.4452834129333
gadf,True,5,10.504201680672265,10.878661087866103,10.460251046025103,10.504201680672265,10.833333333333329,10.636129765713813,3723.236104488373
gadf,True,6,10.504201680672265,10.878661087866103,10.460251046025103,10.504201680672265,10.833333333333329,10.636129765713813,3750.04789686203
gadf,True,7,10.504201680672265,10.878661087866103,10.460251046025103,10.504201680672265,10.833333333333329,10.636129765713813,3735.644851207733
gadf,True,8,10.504201680672265,10.878661087866103,10.460251046025103,10.504201680672265,10.833333333333329,10.636129765713813,3722.121037721634
gadf,True,9,10.504201680672265,10.878661087866103,10.460251046025103,10.504201680672265,10.833333333333329,10.636129765713813,3737.1651170253754
gadf,True,10,10.504201680672265,10.878661087866103,10.460251046025103,10.504201680672265,10.833333333333329,10.636129765713813,3728.161144256592
gadf,True,11,10.504201680672265,10.878661087866103,10.460251046025103,10.504201680672265,10.833333333333329,10.636129765713813,3733.897073030472
gadf,True,12,10.504201680672265,10.878661087866103,10.460251046025103,10.504201680672265,10.833333333333329,10.636129765713813,3741.682287454605
gadf,True,13,10.504201680672265,10.878661087866103,10.460251046025103,10.504201680672265,10.833333333333329,10.636129765713813,3735.245460987091
gadf,True,14,10.504201680672265,10.878661087866103,10.460251046025103,10.504201680672265,10.833333333333329,10.636129765713813,3744.678561925888
gadf,True,15,10.504201680672265,10.878661087866103,10.460251046025103,10.504201680672265,10.833333333333329,10.636129765713813,3737.5712916851044
gadf,True,16,10.504201680672265,10.878661087866103,10.460251046025103,10.504201680672265,10.833333333333329,10.636129765713813,3742.329479932785
gadf,True,17,10.504201680672265,10.878661087866103,10.460251046025103,10.504201680672265,10.833333333333329,10.636129765713813,3752.965576648712
gadf,True,18,10.504201680672265,10.878661087866103,10.460251046025103,10.504201680672265,10.833333333333329,10.636129765713813,3753.026960134506
gadf,True,19,10.504201680672265,10.878661087866103,10.460251046025103,10.504201680672265,10.833333333333329,10.636129765713813,3731.775778532028
mtf,True,0,10.504201680672265,10.878661087866103,10.460251046025103,10.504201680672265,10.833333333333329,10.636129765713813,3759.967372894287
mtf,True,1,10.504201680672265,10.878661087866103,10.460251046025103,10.504201680672265,10.833333333333329,10.636129765713813,3740.389130592346
mtf,True,2,10.504201680672265,10.878661087866103,10.460251046025103,10.504201680672265,10.833333333333329,10.636129765713813,3757.7602083683014
mtf,True,3,10.504201680672265,10.878661087866103,10.460251046025103,10.504201680672265,10.833333333333329,10.636129765713813,3790.700037240982
mtf,True,4,10.504201680672265,10.878661087866103,10.460251046025103,10.504201680672265,10.833333333333329,10.636129765713813,3793.256603240967
mtf,True,5,10.504201680672265,10.878661087866103,10.460251046025103,10.504201680672265,10.833333333333329,10.636129765713813,3780.5587508678436
mtf,True,6,10.504201680672265,10.878661087866103,10.460251046025103,10.504201680672265,10.833333333333329,10.636129765713813,3740.7759499549866
mtf,True,7,10.504201680672265,10.878661087866103,10.460251046025103,10.504201680672265,10.833333333333329,10.636129765713813,3784.0498678684235
mtf,True,8,10.504201680672265,10.878661087866103,10.460251046025103,10.504201680672265,10.833333333333329,10.636129765713813,3792.259877204895
mtf,True,9,10.504201680672265,10.878661087866103,10.460251046025103,10.504201680672265,10.833333333333329,10.636129765713813,3781.444440126419
mtf,True,10,10.504201680672265,10.878661087866103,10.460251046025103,10.504201680672265,10.833333333333329,10.636129765713813,3747.924158811569
mtf,True,11,10.504201680672265,10.878661087866103,10.460251046025103,10.504201680672265,10.833333333333329,10.636129765713813,3750.124937772751
mtf,True,12,10.504201680672265,10.878661087866103,10.460251046025103,10.504201680672265,10.833333333333329,10.636129765713813,3747.352700948715
mtf,True,13,10.504201680672265,10.878661087866103,10.460251046025103,10.504201680672265,10.833333333333329,10.636129765713813,3723.4937932491302
mtf,True,14,10.504201680672265,10.878661087866103,10.460251046025103,10.504201680672265,10.833333333333329,10.636129765713813,3739.4296429157257
mtf,True,15,10.504201680672265,10.878661087866103,10.460251046025103,10.504201680672265,10.833333333333329,10.636129765713813,3730.063330411911
mtf,True,16,10.504201680672265,10.878661087866103,10.460251046025103,10.504201680672265,10.833333333333329,10.636129765713813,3733.5590920448303
mtf,True,17,10.504201680672265,10.878661087866103,10.460251046025103,10.504201680672265,10.833333333333329,10.636129765713813,3739.8671498298645
mtf,True,18,10.504201680672265,10.878661087866103,10.460251046025103,10.504201680672265,10.833333333333329,10.636129765713813,3736.2587971687317
mtf,True,19,10.504201680672265,10.878661087866103,10.460251046025103,10.504201680672265,10.833333333333329,10.636129765713813,3766.285065174103
